33 196
34 212
35 118
36 122
37 92
38 67
39 234
40 169
41 174
42 194
43 196
44 229
45 233
46 240
47 168
48 116
49 165
50 137
51 133
52 136
53 136
54 118
55 156
56 105
57 118
58 224
59 213
60 187
61 191
62 188
63 174
64 0
65 118
66 87
67 142
68 100
69 134
70 149
71 96
72 102
73 198
74 174
75 110
76 164
77 32
78 72
79 89
80 123
81 72
82 99
83 137
84 152
85 126
86 131
87 26
88 120
89 160
90 132
91 165
92 171
93 166
94 184
95 210
96 240
97 151
98 110
99 180
100 110
101 153
102 170
103 107
104 114
105 200
106 177
107 128
108 192
109 95
110 140
111 146
112 112
113 115
114 194
115 175
116 176
117 142
118 165
119 100
120 158
121 147
122 172
123 166
124 172
125 165
126 210
